784 91
593 67
334 45
287 14
490 43
70 11
275 29
806 96
541 53
843 45
337 0
212 28
624 80
506 81
723 75
852 94
134 1
273 24
530 63
729 73
841 39
79 24
992 99
985 97
138 67
132 61
671 85
522 64
637 87
733 10
509 27
727 29
483 10
198 17
814 56
215 27
259 26
692 50
457 65
923 22
914 48
512 52
561 57
246 99
839 19
104 62
372 90
62 94
544 70
724 99
240 28
921 96
627 10
659 35
402 92
341 81
518 95
301 93
29 20
801 98
524 91
506 34
375 41
584 79
77 42
355 47
1000 39
943 93
689 17
848 49
13 94
916 77
363 47
930 48
878 64
924 18
812 91
898 69
714 99
702 39
229 22
988 6
326 84
931 34
263 60
308 43
499 95
675 95
294 1
966 46
751 0
585 70
142 54
603 70
232 81
21 78
257 38
82 58
322 5
573 22
261 95
785 79
767 62
816 56
903 74
72 10
80 84
295 19
825 93
463 41
415 55
297 90
713 54
384 80
831 37
514 94
594 75
198 63
714 76
733 98
589 39
129 74
670 86
667 60
719 84
978 60
622 88
369 88
561 55
421 100
863 82
951 81
692 80
595 65
354 10
360 16
472 100
115 47
4 85
599 89
884 57
154 28
366 9
860 40
289 65
624 53
377 82
569 47
459 17
139 41
225 24
281 16
466 64
856 47
366 34
240 71
318 87
350 75
89 85
532 94
835 72
201 39
72 53
850 95
923 67
74 0
250 91
147 28
373 53
510 95
456 96
540 46
712 0
266 92
747 90
187 0
498 54
320 31
743 13
409 14
602 40
347 34
888 2
765 31
480 34
17 51
239 24
73 37
8 25
203 46
531 72
784 43
590 81
967 87
298 42
997 48
710 14
395 3
295 90
665 62
243 45
692 76
80 74
945 56
585 80
323 97
520 7
324 62
61 22
673 2
72 41
815 28
381 48
413 13
619 44
212 62
776 31
860 1
929 54
411 46
582 97
408 5
439 20
27 73
643 58
596 98
568 82
659 45
755 51
206 81
122 22
719 0
522 89
565 4
628 29
18 50
94 36
271 69
13 95
343 96
845 17
123 33
11 93
606 96
640 63
29 17
460 85
279 51
511 7
575 34
643 70
870 72
464 29
164 97
238 32
938 76
540 43
948 27
480 87
27 4
313 21
539 36
356 98
417 80
823 28
540 81
11 58
957 47
43 65
161 29
243 56
786 27
241 63
41 57
830 47
904 99
517 59
106 15
412 75
853 26
592 14
892 52
838 97
308 28
82 25
988 78
120 4
13 54
955 99
645 6
572 70
994 32
445 1
885 10
336 60
157 69
928 92
25 34
961 6
11 44
4 23
438 64
502 29
743 64
68 21
605 56
686 57
116 89
39 44
157 65
806 37
266 92
559 91
421 99
828 32
193 2
608 26
886 73
144 32
387 24
336 45
551 92
270 38
393 47
72 79
606 87
668 57
790 44
341 31
128 48
759 23
679 74
73 71
203 45
732 50
728 98
523 96
633 88
700 72
383 15
885 61
704 39
345 80
373 39
164 41
779 85
708 59
447 36
224 9
733 76
658 89
981 33
850 13
382 88
910 32
203 40
480 3
293 62
627 6
353 6
168 44
108 93
580 0
960 18
940 29
311 35
968 17
901 51
555 44
608 88
233 58
828 3
189 49
683 0
360 89
417 69
365 55
861 34
243 41
126 89
449 84
623 63
728 16
752 14
170 60
375 84
245 100
432 33
327 90
635 50
826 31
774 17
896 69
820 57
168 1
212 28
111 38
953 94
950 90
641 14
918 85
80 58
62 10
257 49
509 53
872 19
218 18
635 49
429 22
191 49
776 81
184 34
138 29
817 99
344 6
884 4
755 90
310 63
473 33
661 57
547 71
873 7
648 95
644 17
585 59
583 29
402 80
577 53
748 50
423 87
144 16
629 2
30 2
840 27
203 5
716 94
153 33
879 96
961 7
174 53
55 89
852 13
336 33
65 0
957 45
635 14
148 92
621 70
198 64
587 39
143 36
186 30
87 69
106 57
231 81
116 8
587 38
239 42
478 1
523 49
42 27
928 7
113 10
267 11
149 5
987 93
182 75
928 57
827 93
843 43
113 96
661 24
311 33
299 23
940 73
25 72
661 32
15 4
979 43
963 80
688 75
657 7
856 47
787 58
622 1
717 6
570 34
321 79
183 39
432 8
192 37
843 36
507 2
691 60
462 63
827 70
89 64
749 73
382 41
978 27
432 79
654 29
639 23
323 39
197 42
810 52
657 68
689 11
920 42
991 38
170 53
269 40
291 40
897 69
191 95
145 10
648 99
388 38
614 68
53 17
580 22
644 61
801 52
507 15
32 34
469 74
302 55
866 50
220 32
194 71
857 50
47 5
898 76
446 6
69 53
190 4
811 76
573 90
117 80
24 52
860 41
799 16
186 94
70 65
162 30
159 34
561 45
590 58
1000 10
455 56
889 72
566 10
685 25
786 13
8 34
813 56
719 22
973 31
406 66
731 90
798 64
991 3
441 10
275 85
663 22
815 59
85 43
919 3
601 46
621 93
360 69
748 69
927 97
170 87
913 30
905 72
371 87
758 54
746 12
220 44
38 30
523 6
429 1
709 27
946 8
394 66
707 71
250 78
131 86
368 52
498 94
648 20
677 17
566 28
766 9
267 5
248 72
462 14
983 36
952 18
983 26
243 9
13 60
808 0
313 44
828 9
139 8
83 10
116 49
444 55
361 68
671 59
712 78
972 74
892 64
467 68
410 6
434 52
932 14
836 83
465 33
541 30
704 37
691 99
352 91
812 79
567 36
825 70
349 1
92 47
383 33
443 23
564 51
483 45
718 13
728 18
257 38
817 12
830 13
571 88
224 58
822 56
828 13
398 80
646 98
492 67
839 4
116 100
782 39
769 60
539 21
563 78
661 4
326 90
283 67
687 33
724 2
120 5
225 12
689 86
257 51
170 44
662 73
576 97
254 56
908 17
89 28
270 90
878 15
406 22
933 63
826 65
306 28
781 38
143 11
343 95
943 9
942 26
903 100
773 68
695 1
722 31
957 33
662 68
774 1
296 77
59 68
91 13
518 71
984 95
408 20
719 1
983 76
702 18
415 61
7 32
564 66
482 98
713 40
348 42
859 77
272 3
735 61
60 38
43 67
514 99
305 86
333 89
905 44
127 19
447 25
275 92
838 63
816 51
722 70
315 65
546 75
818 12
790 27
354 48
525 3
366 60
909 57
566 36
237 51
913 42
158 74
808 25
430 16
111 84
411 76
825 97
135 28
888 39
642 96
483 47
708 3
601 29
781 51
669 5
296 98
421 36
543 1
855 82
874 36
442 12
945 37
171 25
78 39
978 99
425 74
55 14
582 42
708 74
359 79
703 60
371 18
200 73
95 28
429 99
622 60
110 89
177 71
282 40
538 8
572 14
402 92
744 22
608 68
241 98
970 79
67 74
202 100
529 84
390 5
17 53
227 4
444 27
983 40
493 48
659 4
768 48
916 36
180 79
765 89
725 14
811 34
61 60
474 6
393 10
778 5
552 72
140 49
960 65
436 59
213 36
996 18
574 61
385 74
878 77
940 14
95 54
596 61
332 53
601 74
537 91
396 94
263 54
250 28
949 63
402 77
779 32
292 7
429 90
374 0
838 6
379 29
340 23
964 1
720 92
380 61
302 50
440 64
199 70
435 31
56 72
667 50
827 32
209 60
724 4
995 98
116 19
101 48
298 89
818 100
123 89
724 88
856 29
566 74
609 3
438 6
371 91
973 42
984 76
898 76
132 65
150 49
720 47
810 96
815 79
423 23
921 0
104 79
202 29
802 27
630 58
900 68
212 63
461 53
175 58
489 12
842 0
527 80
491 88
945 48
964 87
420 40
486 61
83 47
848 33
677 94
915 6
977 70
389 77
683 65
938 92
842 17
754 3
368 24
162 89
200 29
829 23
780 65
471 100
555 51
270 5
925 32
359 47
298 20
804 20
628 29
986 53
620 94
608 20
70 93
716 56
504 72
267 38
175 87
427 6
182 26
179 50
303 82
545 43
96 6
76 0
874 72
399 40
976 46
792 14
271 61
649 11
766 78
343 9
502 65
77 47
923 13
342 87
367 78
83 44
494 33
521 72
402 85
372 79
982 0
309 30
838 78
985 74
122 74
513 96
57 9
473 55
824 57
691 4
98 46
280 52
656 7
725 83
576 35
188 32
332 26
845 54
205 95
597 32
763 87
202 55
819 30
511 0
51 97
895 88
724 62
372 100
328 0
90 1
208 88
245 72
329 57
416 1
782 60
990 55
198 6
887 36
811 16
925 27
139 7
411 16
403 66
497 96
42 97
340 6
669 16
359 65
993 53
452 43
397 35
502 33
75 76
402 63
7 25
257 54
636 39
213 34
824 99
909 14
890 79
806 9
755 12
624 72
619 80
971 61
555 57
656 1
382 75
157 73
801 95
118 35
162 65
433 41
441 20
313 38
